115,000 → 8,798
125,000 → 9,563
135,000 → 10,328
145,000 → 11,093
155,000 → 11,858
165,000 → 12,623
175,000 → 13,388
185,000 → 14,153
195,000 → 14,918
205,000 → 15,683
215,000 → 16,448
225,000 → 17,213
235,000 → 17,978
245,000 → 18,743
255,000 → 19,508
265,000 → 20,273
275,000 → 21,038
285,000 → 21,803
295,000 → 22,568
305,000 → 23,333
315,000 → 24,098
325,000 → 24,863
335,000 → 25,628
345,000 → 26,393
355,000 → 27,158
365,000 → 27,923
375,000 → 28,688
385,000 → 29,453
395,000 → 30,218
405,000 → 30,983
415,000 → 31,748
425,000 → 32,513
435,000 → 33,278
445,000 → 34,043
455,000 → 34,808
465,000 → 35,573
475,000 → 36,338
485,000 → 37,103
495,000 → 37,868
505,000 → 38,633
515,000 → 39,398
525,000 → 40,163
535,000 → 40,928
545,000 → 41,693
555,000 → 42,458
565,000 → 43,223
575,000 → 43,988
585,000 → 44,753
595,000 → 45,518
605,000 → 46,283
615,000 → 47,048
625,000 → 47,813
635,000 → 48,578
645,000 → 49,343
655,000 → 50,108
665,000 → 50,873
675,000 → 51,638
685,000 → 52,403
695,000 → 53,168
705,000 → 53,933
715,000 → 54,698
725,000 → 55,463
735,000 → 56,228
745,000 → 56,993
755,000 → 57,758
765,000 → 58,523
775,000 → 59,288
785,000 → 60,053
795,000 → 60,818
805,000 → 61,583
815,000 → 62,348
825,000 → 63,113
835,000 → 63,878
845,000 → 64,643
855,000 → 65,408
865,000 → 66,173
875,000 → 66,938
885,000 → 67,703
895,000 → 68,468
905,000 → 69,233
915,000 → 69,998
925,000 → 70,763
935,000 → 71,528
945,000 → 72,293
955,000 → 73,058
965,000 → 73,823
975,000 → 74,588
985,000 → 75,353
995,000 → 76,118
1,005,000 → 76,883
1,015,000 → 77,648
1,025,000 → 78,413
1,035,000 → 79,178
1,045,000 → 79,943
1,055,000 → 80,708
1,065,000 → 81,473
1,075,000 → 82,238
1,085,000 → 83,003
1,095,000 → 83,768
1,105,000 → 84,533
1,115,000 → 85,298
1,125,000 → 86,063
1,135,000 → 86,828
1,145,000 → 87,593
1,155,000 → 88,358
1,165,000 → 89,123
1,175,000 → 89,888
1,185,000 → 90,653
1,195,000 → 91,418
1,205,000 → 92,183
1,215,000 → 92,948
1,225,000 → 93,713
1,235,000 → 94,478
1,245,000 → 95,243
1,255,000 → 96,008
1,265,000 → 96,773
1,275,000 → 97,538
1,285,000 → 98,303
1,295,000 → 99,068
1,305,000 → 99,833
1,315,000 → 100,598
1,325,000 → 101,363
1,335,000 → 102,128
1,345,000 → 102,893
1,355,000 → 103,658
1,365,000 → 104,423
1,375,000 → 105,188
1,385,000 → 105,953
1,395,000 → 106,718
1,405,000 → 107,483
1,415,000 → 108,248
1,425,000 → 109,013
1,435,000 → 109,778
1,445,000 → 110,543
1,455,000 → 111,308
1,465,000 → 112,073
1,475,000 → 112,838
1,485,000 → 113,603
1,495,000 → 114,368
1,505,000 → 115,133
1,515,000 → 115,898
1,525,000 → 116,663
1,535,000 → 117,428
1,545,000 → 118,193
1,555,000 → 118,958
1,565,000 → 119,723
1,575,000 → 120,488
1,585,000 → 121,253
1,595,000 → 122,018
1,605,000 → 122,783
1,615,000 → 123,548
1,625,000 → 124,313
1,635,000 → 125,078
1,645,000 → 125,843
1,655,000 → 126,608
1,665,000 → 127,373
1,675,000 → 128,138
1,685,000 → 128,903
1,695,000 → 129,668
1,705,000 → 130,433
1,715,000 → 131,198
1,725,000 → 131,963
1,735,000 → 132,728
1,745,000 → 133,493
1,755,000 → 134,258
1,765,000 → 135,023
1,775,000 → 135,788
1,785,000 → 136,553
1,795,000 → 137,318
1,805,000 → 138,083
1,815,000 → 138,848
1,825,000 → 139,613
1,835,000 → 140,378
1,845,000 → 141,143
1,855,000 → 141,908
1,865,000 → 142,673
1,875,000 → 143,438
1,885,000 → 144,203
1,895,000 → 144,968
1,905,000 → 145,733
1,915,000 → 146,498
1,925,000 → 147,263
1,935,000 → 148,028
1,945,000 → 148,793
1,955,000 → 149,558
1,965,000 → 150,323
1,975,000 → 151,088
1,985,000 → 151,853
1,995,000 → 152,618
2,005,000 → 153,383
2,015,000 → 154,148
2,025,000 → 154,913
2,035,000 → 155,678
2,045,000 → 156,443
2,055,000 → 157,208
2,065,000 → 157,973
2,075,000 → 158,738
2,085,000 → 159,503
2,095,000 → 160,268
2,105,000 → 161,033
2,115,000 → 161,798
2,125,000 → 162,563
2,135,000 → 163,328
2,145,000 → 164,093
2,155,000 → 164,858
2,165,000 → 165,623
2,175,000 → 166,388
2,185,000 → 167,153
2,195,000 → 167,918
2,205,000 → 168,683
2,215,000 → 169,448
2,225,000 → 170,213
2,235,000 → 170,978
2,245,000 → 171,743
2,255,000 → 172,508
2,265,000 → 173,273
2,275,000 → 174,038
2,285,000 → 174,803
2,295,000 → 175,568
2,305,000 → 176,333
2,315,000 → 177,098
2,325,000 → 177,863
2,335,000 → 178,628
2,345,000 → 179,393
2,355,000 → 180,158
2,365,000 → 180,923
2,375,000 → 181,688
2,385,000 → 182,453
2,395,000 → 183,218
2,405,000 → 183,983
2,415,000 → 184,748
2,425,000 → 185,513
2,435,000 → 186,278
2,445,000 → 187,043
2,455,000 → 187,808
2,465,000 → 188,573
2,475,000 → 189,338
2,485,000 → 190,103
2,495,000 → 190,868
2,505,000 → 191,633
2,515,000 → 192,398
2,525,000 → 193,163
2,535,000 → 193,928
2,545,000 → 194,693
2,555,000 → 195,458
2,565,000 → 196,223
2,575,000 → 196,790
2,585,000 → 197,300
2,595,000 → 197,810
2,605,000 → 198,320
2,615,000 → 198,830
2,625,000 → 199,340
2,635,000 → 199,850
2,645,000 → 200,360
2,655,000 → 200,870
2,665,000 → 201,380
2,675,000 → 201,890
2,685,000 → 202,400
2,695,000 → 202,910
2,705,000 → 203,420
2,715,000 → 203,930
2,725,000 → 204,440
2,735,000 → 204,950
2,745,000 → 205,460
2,755,000 → 205,970
2,765,000 → 206,480
2,775,000 → 206,990
2,785,000 → 207,500
2,795,000 → 208,010
2,805,000 → 208,520
2,815,000 → 209,030
2,825,000 → 209,540
2,835,000 → 210,050
2,845,000 → 210,560
2,855,000 → 211,070
2,865,000 → 211,580
2,875,000 → 212,090
2,885,000 → 212,600
2,895,000 → 213,110
2,905,000 → 213,620
2,915,000 → 214,130
2,925,000 → 214,640
2,935,000 → 215,150
2,945,000 → 215,660
2,955,000 → 216,170
2,965,000 → 216,680
2,975,000 → 217,190
2,985,000 → 217,700
2,995,000 → 218,210
3,005,000 → 218,720
3,015,000 → 219,230
3,025,000 → 219,740
3,035,000 → 220,250
3,045,000 → 220,760
3,055,000 → 221,270
3,065,000 → 221,780
3,075,000 → 222,290
3,085,000 → 222,800
3,095,000 → 223,310
3,105,000 → 223,820
3,115,000 → 224,330
3,125,000 → 224,840
3,135,000 → 225,350
3,145,000 → 225,860
3,155,000 → 226,370
3,165,000 → 226,880
3,175,000 → 227,390
3,185,000 → 227,900
3,195,000 → 228,410
3,205,000 → 228,920
3,215,000 → 229,430
3,225,000 → 229,940
3,235,000 → 230,450
3,245,000 → 230,960
3,255,000 → 231,470
3,265,000 → 231,980
3,275,000 → 232,490
3,285,000 → 233,000
3,295,000 → 233,510
3,305,000 → 234,020
3,315,000 → 234,530
3,325,000 → 235,040
3,335,000 → 235,550
3,345,000 → 236,060
3,355,000 → 236,570
3,365,000 → 237,080
3,375,000 → 237,590
3,385,000 → 238,100
3,395,000 → 238,610
3,405,000 → 239,120
3,415,000 → 239,630
3,425,000 → 240,140
3,435,000 → 240,650
3,445,000 → 241,160
3,455,000 → 241,670
3,465,000 → 242,180
3,475,000 → 242,690
3,485,000 → 243,200
3,495,000 → 243,710
3,505,000 → 244,220
3,515,000 → 244,730
3,525,000 → 245,240
3,535,000 → 245,750
3,545,000 → 246,260
3,555,000 → 246,770
3,565,000 → 247,280
3,575,000 → 247,790
3,585,000 → 248,300
3,595,000 → 248,810
3,605,000 → 249,320
3,615,000 → 249,830
3,625,000 → 250,340
3,635,000 → 250,850
3,645,000 → 251,360
3,655,000 → 251,870
3,665,000 → 252,380
3,675,000 → 252,890
3,685,000 → 253,400
3,695,000 → 253,910
3,705,000 → 254,420
3,715,000 → 254,930
3,725,000 → 255,440
3,735,000 → 255,950
3,745,000 → 256,460
3,755,000 → 256,970
3,765,000 → 257,480
3,775,000 → 257,990
3,785,000 → 258,500
3,795,000 → 259,010
3,805,000 → 259,520
3,815,000 → 260,030
3,825,000 → 260,540
3,835,000 → 261,050
3,845,000 → 261,560
3,855,000 → 262,070
3,865,000 → 262,580
3,875,000 → 263,090
3,885,000 → 263,600
3,895,000 → 264,110
3,905,000 → 264,620
3,915,000 → 265,130
3,925,000 → 265,640
3,935,000 → 266,150
3,945,000 → 266,660
3,955,000 → 267,170
3,965,000 → 267,680
3,975,000 → 268,190
3,985,000 → 268,700
3,995,000 → 269,210
4,005,000 → 269,720
4,015,000 → 270,230
4,025,000 → 270,740
4,035,000 → 271,250
4,045,000 → 271,760
4,055,000 → 272,270
4,065,000 → 272,780
4,075,000 → 273,290
4,085,000 → 273,800
4,095,000 → 274,310
4,105,000 → 274,820
4,115,000 → 275,330
4,125,000 → 275,840
4,135,000 → 276,350
4,145,000 → 276,860
4,155,000 → 277,370
4,165,000 → 277,880
4,175,000 → 278,390
4,185,000 → 278,900
4,195,000 → 279,410
4,205,000 → 279,920
4,215,000 → 280,430
4,225,000 → 280,940
4,235,000 → 281,450
4,245,000 → 281,960
4,255,000 → 282,470