TARIFAS AFILMED - VIGENCIA: 01/01/2026
========================================


═══════════════════════════════════════════════════════════════════════════════
DIRECTOS BS.AS. INTERIOR - SANTA FE - PRECIOS CON I.V.A.
═══════════════════════════════════════════════════════════════════════════════

Edad                S2          SMG20       SMG30       SMG40       SMG50       SMG60       SMG70
─────────────────────────────────────────────────────────────────────────────────────────────────
Hasta 35 años       173,684     242,376     278,460     291,028     363,638     512,049     623,148
36 a 40 años        208,407     290,832     334,133     349,254     436,346     614,459     747,798
41 a 45 años        218,856     305,413     350,874     366,682     458,193     645,191     785,158
46 a 50 años        240,738     335,949     385,927     403,355     503,998     709,701     863,659
51 a 55 años        312,963     436,739     501,739     524,371     655,207     922,621   1,122,776
56 a 60 años        406,823     567,721     652,212     681,717     851,729   1,199,412   1,459,609
Desde 61 años       512,369     715,010     821,458     858,534   1,072,733   1,510,544   1,838,288
1er Hijo            146,842     204,918     238,400     249,102     270,507     291,961     313,366
Hijo Adicional      105,400     147,085     170,896     178,407     193,381     208,403     223,377

Tarifa Afilmed: 0S2_IDBS19C | 0SMG20_IDBS19C | 0SMG30_IDBS19C | 0SMG40_IDBS19C | 0SMG50_IDBS19C | 0SMG60_IDBS19C | 0SMG70_IDBS19C


═══════════════════════════════════════════════════════════════════════════════
DERIVACIÓN DIRECTA BS.AS. INTERIOR - SANTA FE
═══════════════════════════════════════════════════════════════════════════════

Edad                S2          SMG20       SMG30       SMG40       SMG50       SMG60       SMG70
─────────────────────────────────────────────────────────────────────────────────────────────────
Hasta 35 años       135,882     189,623     208,896     248,222     295,421     442,102     542,040
36 a 40 años        163,045     227,529     250,648     297,893     354,524     530,550     650,494
41 a 45 años        171,213     238,928     263,192     312,772     372,241     557,056     682,998
46 a 50 años        188,338     262,826     289,516     344,040     409,506     612,771     751,303
51 a 55 años        244,830     341,659     376,361     447,275     532,335     796,625     976,680
56 a 60 años        318,249     444,116     489,301     581,457     692,017   1,035,599   1,269,675
Desde 61 años       400,851     559,387     616,244     732,254     871,493   1,304,200   1,599,019
1er Hijo            108,292     151,121     175,660     183,442     198,962     214,481     230,047
Hijo Adicional       78,209     109,141     114,039     118,938     128,735     138,532     148,283

Tarifa Afilmed: 0S2_ISBS19C2 | 0SMG20_ISBS19C2 | 0SMG30_ISBS19C2 | 0SMG40_ISBS19C2 | 0SMG50_ISBS19C2 | 0SMG60_ISBS19C2 | 0SMG70_ISBS19C2



═══════════════════════════════════════════════════════════════════════════════
DIRECTOS CÓRDOBA - PRECIOS CON I.V.A.
═══════════════════════════════════════════════════════════════════════════════

Edad                S2          SMG20       SMG30       SMG40       SMG50       SMG60       SMG70
─────────────────────────────────────────────────────────────────────────────────────────────────
Hasta 35 años       151,486     211,398     242,818     253,815     317,097     446,558     543,420
36 a 40 años        181,776     253,668     291,421     304,578     380,526     535,859     652,114
41 a 45 años        190,852     266,334     305,953     319,797     399,575     562,665     684,761
46 a 50 años        209,920     292,943     336,587     351,757     439,537     618,926     753,198
51 a 55 años        272,928     380,870     437,524     457,309     571,403     804,648     979,177
56 a 60 años        354,792     495,112     568,801     594,527     742,790   1,045,994   1,272,906
Desde 61 años       446,883     623,625     716,314     748,755     935,437   1,317,345   1,603,089
1er Hijo            128,056     178,702     207,912     217,240     235,945     254,601     273,305
Hijo Adicional       91,891     128,233     149,049     155,578     168,686     181,745     194,804

Tarifa Afilmed: 0S2_IDCO19C | 0SMG20_IDCO19C | 0SMG30_IDCO19C | 0SMG40_IDCO19C | 0SMG50_IDCO19C | 0SMG60_IDCO19C | 0SMG70_IDCO19C


═══════════════════════════════════════════════════════════════════════════════
DERIVACIÓN DIRECTA CÓRDOBA
═══════════════════════════════════════════════════════════════════════════════

Edad                S2          SMG20       SMG30       SMG40       SMG50       SMG60       SMG70
─────────────────────────────────────────────────────────────────────────────────────────────────
Hasta 35 años       118,494     165,359     182,160     216,496     257,652     385,563     472,729
36 a 40 años        142,180     198,412     218,602     259,758     309,201     462,657     567,265
41 a 45 años        149,299     208,347     229,543     272,760     324,629     485,822     595,649
46 a 50 años        164,226     229,177     252,479     300,045     357,087     534,395     655,210
51 a 55 años        213,500     297,939     328,246     390,049     464,259     694,718     851,745
56 a 60 años        277,570     387,348     426,720     507,064     603,524     903,111   1,107,292
Desde 61 años       349,559     487,809     537,373     638,662     760,074   1,137,411   1,394,550
1er Hijo             94,415     131,756     153,181     159,957     173,508     187,059     200,610
Hijo Adicional       68,203      95,178      99,481     103,738     112,254     120,815     129,330

Tarifa Afilmed: 0S2_ISCO19C2 | 0SMG20_ISCO19C2 | 0SMG30_ISCO19C2 | 0SMG40_ISCO19C2 | 0SMG50_ISCO19C2 | 0SMG60_ISCO19C2 | 0SMG70_ISCO19C2



═══════════════════════════════════════════════════════════════════════════════
DIRECTOS PATAGONIA Y SALTA - PRECIOS CON I.V.A.
═══════════════════════════════════════════════════════════════════════════════

Edad                S2          SMG20       SMG30       SMG40       SMG50       SMG60       SMG70
─────────────────────────────────────────────────────────────────────────────────────────────────
Hasta 35 años       201,969     281,848     323,774     338,404     422,845     595,410     724,576
36 a 40 años        242,356     338,208     388,529     406,104     507,385     714,512     869,501
41 a 45 años        254,458     355,096     407,970     426,380     532,767     750,252     912,998
46 a 50 años        279,928     390,640     448,767     469,043     586,033     825,268   1,004,264
51 a 55 años        363,903     507,827     583,382     609,746     761,838   1,072,848   1,305,553
56 a 60 años        473,067     660,165     758,402     792,669     990,419   1,394,707   1,697,224
Desde 61 años       595,809     831,451     955,133     998,292   1,247,394   1,756,460   2,137,500
1er Hijo            170,729     238,252     277,184     289,654     314,544     339,484     364,375
Hijo Adicional      122,532     170,994     198,732     207,471     224,899     242,327     259,756

Tarifa Afilmed: 0S2_IDPS19C | 0SMG20_IDPS19C | 0SMG30_IDPS19C | 0SMG40_IDPS19C | 0SMG50_IDPS19C | 0SMG60_IDPS19C | 0SMG70_IDPS19C


═══════════════════════════════════════════════════════════════════════════════
DERIVACIÓN DIRECTA PATAGONIA Y SALTA
═══════════════════════════════════════════════════════════════════════════════

Edad                S2          SMG20       SMG30       SMG40       SMG50       SMG60       SMG70
─────────────────────────────────────────────────────────────────────────────────────────────────
Hasta 35 años       157,993     220,479     242,911     288,646     343,536     514,069     630,305
36 a 40 años        189,585     264,565     291,484     346,375     412,253     616,891     756,384
41 a 45 años        199,066     277,796     306,042     363,680     432,854     647,747     794,199
46 a 50 años        218,979     305,584     336,669     400,075     476,162     712,527     873,582
51 a 55 años        284,689     397,283     437,661     520,066     618,997     926,276   1,135,675
56 a 60 años        370,082     516,449     568,959     676,086     804,683   1,204,163   1,476,373
Desde 61 años       466,078     650,412     716,588     851,505   1,013,432   1,516,502   1,859,400
1er Hijo            125,909     175,705     204,272     213,291     231,329     249,412     267,495
Hijo Adicional       90,938     126,903     132,626     138,303     149,702     161,056     172,455

Tarifa Afilmed: 0S2_ISPS19C2 | 0SMG20_ISPS19C2 | 0SMG30_ISPS19C2 | 0SMG40_ISPS19C2 | 0SMG50_ISPS19C2 | 0SMG60_ISPS19C2 | 0SMG70_ISPS19C2



═══════════════════════════════════════════════════════════════════════════════
DIRECTOS INTERIOR PAÍS - PRECIOS CON I.V.A.
═══════════════════════════════════════════════════════════════════════════════

Edad                S2          SMG20       SMG30       SMG40       SMG50       SMG60       SMG70
─────────────────────────────────────────────────────────────────────────────────────────────────
Hasta 35 años       157,537     219,842     252,539     263,978     329,813     464,428     565,168
36 a 40 años        189,023     263,781     303,056     316,754     395,746     557,313     678,232
41 a 45 años        198,486     276,988     318,226     332,611     415,530     585,199     712,106
46 a 50 años        218,328     304,676     350,039     365,847     457,113     643,719     783,342
51 a 55 años        283,833     396,089     455,051     475,621     594,232     836,805   1,018,354
56 a 60 años        368,969     514,896     591,581     618,288     772,492   1,087,871   1,323,865
Desde 61 años       464,733     648,535     744,989     778,734     972,947   1,370,062   1,667,247
1er Hijo            133,192     185,869     216,209     225,930     245,371     264,812     284,204
Hijo Adicional       95,584     133,388     154,989     161,813     175,412     189,011     202,610

Tarifa Afilmed: 0S2_IDIP19C | 0SMG20_IDIP19C | 0SMG30_IDIP19C | 0SMG40_IDIP19C | 0SMG50_IDIP19C | 0SMG60_IDIP19C | 0SMG70_IDIP19C


═══════════════════════════════════════════════════════════════════════════════
DERIVACIÓN DIRECTA INTERIOR PAÍS
═══════════════════════════════════════════════════════════════════════════════

Edad                S2          SMG20       SMG30       SMG40       SMG50       SMG60       SMG70
─────────────────────────────────────────────────────────────────────────────────────────────────
Hasta 35 años       123,251     171,997     189,439     225,148     267,953     400,991     491,636
36 a 40 años        147,888     206,378     227,346     270,150     321,562     481,198     589,973
41 a 45 años        155,270     216,679     238,699     283,656     337,631     505,233     619,455
46 a 50 años        170,820     238,379     262,597     312,039     371,371     555,775     681,396
51 a 55 años        222,030     309,842     341,385     405,661     482,801     722,507     885,852
56 a 60 años        288,658     402,822     443,796     527,345     627,650     939,232   1,151,561
Desde 61 años       363,591     507,392     558,846     664,187     790,461   1,182,923   1,450,327
1er Hijo             98,221     137,067     159,316     166,366     180,467     194,521     208,621
Hijo Adicional       70,959      99,023     103,418     107,859     116,740     125,622     134,503

Tarifa Afilmed: 0S2_ISIP19C2 | 0SMG20_ISIP19C2 | 0SMG30_ISIP19C2 | 0SMG40_ISIP19C2 | 0SMG50_ISIP19C2 | 0SMG60_ISIP19C2 | 0SMG70_ISIP19C2



═══════════════════════════════════════════════════════════════════════════════
DERIVACIÓN DIRECTA TIERRA DEL FUEGO
═══════════════════════════════════════════════════════════════════════════════

Edad                S2          SMG20       SMG30       SMG40       SMG50       SMG60       SMG70
─────────────────────────────────────────────────────────────────────────────────────────────────
Hasta 35 años       157,993     220,479     242,911     288,646     343,536     514,069     630,305
36 a 40 años        189,585     264,565     291,484     346,375     412,253     616,891     756,384
41 a 45 años        199,066     277,796     306,042     363,680     432,854     647,747     794,199
46 a 50 años        218,979     305,584     336,669     400,075     476,162     712,527     873,582
51 a 55 años        284,689     397,283     437,661     520,066     618,997     926,276   1,135,675
56 a 60 años        370,082     516,449     568,959     676,086     804,683   1,204,163   1,476,373
Desde 61 años       466,078     650,412     716,588     851,505   1,013,432   1,516,502   1,859,400
1er Hijo            125,909     175,705     204,272     213,291     231,329     249,412     267,495
Hijo Adicional       90,938     126,903     132,626     138,303     149,702     161,056     172,455

Tarifa Afilmed: 0S2_ISTF19C2 | 0SMG20_ISTF19C2 | 0SMG30_ISTF19C2 | 0SMG40_ISTF19C2 | 0SMG50_ISTF19C2 | 0SMG60_ISTF19C2 | 0SMG70_ISTF19C2



═══════════════════════════════════════════════════════════════════════════════
DIRECTOS AMBA - PRECIOS CON I.V.A.
═══════════════════════════════════════════════════════════════════════════════

Edad                S1          SMG02       S2          SMG20       SMG30       SMG40       SMG50       SMG60       SMG70
───────────────────────────────────────────────────────────────────────────────────────────────────────────────────────────
Hasta 35 años       160,876     225,832     201,969     281,848     323,774     338,404     422,845     595,410     724,576
36 a 40 años        193,051     270,998     242,356     338,208     388,529     406,104     507,385     714,512     869,501
41 a 45 años        202,704     284,548     254,458     355,096     407,970     426,380     532,767     750,252     912,998
46 a 50 años        222,988     313,022     279,928     390,640     448,767     469,043     586,033     825,268   1,004,264
51 a 55 años        289,856     406,890     363,903     507,827     583,382     609,746     761,838   1,072,848   1,305,553
56 a 60 años        376,834     528,986     473,067     660,165     758,402     792,669     990,419   1,394,707   1,697,224
Desde 61 años       474,584     666,204     595,809     831,451     955,133     998,292   1,247,394   1,756,460   2,137,500
1er Hijo            114,676     160,979     170,729     238,252     277,184     289,654     314,544     339,484     364,375
Hijo Adicional       83,166     116,745     122,532     170,994     198,732     207,471     224,899     242,327     259,756

Tarifa Afilmed: 3S1_IDAM19C | 3SMG02_IDAM19C | 0S2_IDAM19C | 0SMG20_IDAM19C | 0SMG30_IDAM19C | 0SMG40_IDAM19C | 0SMG50_IDAM19C | 0SMG60_IDAM19C | 0SMG70_IDAM19C


═══════════════════════════════════════════════════════════════════════════════
DERIVACIÓN DIRECTA AMBA
═══════════════════════════════════════════════════════════════════════════════

Edad                S1          SMG02       S2          SMG20       SMG30       SMG40       SMG50       SMG60       SMG70
───────────────────────────────────────────────────────────────────────────────────────────────────────────────────────────
Hasta 35 años       127,841     179,459     157,993     220,479     242,911     288,646     343,536     514,069     630,305
36 a 40 años        153,410     215,351     189,585     264,565     291,484     346,375     412,253     616,891     756,384
41 a 45 años        161,074     226,110     199,066     277,796     306,042     363,680     432,854     647,747     794,199
46 a 50 años        177,184     248,725     218,979     305,584     336,669     400,075     476,162     712,527     873,582
51 a 55 años        230,343     323,347     284,689     397,283     437,661     520,066     618,997     926,276   1,135,675
56 a 60 años        299,449     420,356     370,082     516,449     568,959     676,086     804,683   1,204,163   1,476,373
Desde 61 años       377,132     529,405     466,078     650,412     716,588     851,505   1,013,432   1,516,502   1,859,400
1er Hijo             94,609     132,809     125,909     175,705     204,272     213,291     231,329     249,412     267,495
Hijo Adicional       69,204      97,146      90,938     126,903     132,626     138,303     149,702     161,056     172,455

Tarifa Afilmed: 3S1_ISAM19C2 | 3SMG02_ISAM19C2 | 0S2_ISAM19C2 | 0SMG20_ISAM19C2 | 0SMG30_ISAM19C2 | 0SMG40_ISAM19C2 | 0SMG50_ISAM19C2 | 0SMG60_ISAM19C2 | 0SMG70_ISAM19C2


═══════════════════════════════════════════════════════════════════════════════
FIN DEL DOCUMENTO
═══════════════════════════════════════════════════════════════════════════════